start=0.459000
speed=1.000000
fullscreen=no
