start=2168.583000
volume=70.000000
fullscreen=no
