start=795.217000
volume=150.000000
fullscreen=no
