start=0.834000
volume=56.000000
