start=1719.784000
speed=1.100000
volume=84.000000
fullscreen=no
