start=0.520000
volume=30.000000
