start=0.480000
volume=30.000000
fullscreen=no
