start=1920.750000
volume=70.000000
fullscreen=no
