start=2711.580611
speed=1.610510
volume=70.000000
fullscreen=no
