start=1949.017000
volume=80.000000
fullscreen=no
