start=12.445766
volume=0.000000
