start=340.423417
volume=0.000000
