start=580.435026
volume=74.000000
