start=0.459000
volume=58.000000
