start=2070.300000
volume=70.000000
fullscreen=no
